{"model":{"version":3,"nodes":[{"name":"RootNode","position":[0,0,0],"rotation":[0,0,0],"scale":[0.01,0.01,0.01],"scaleCompensation":false},{"name":"Ch39","position":[0,0,0],"rotation":[0,0,0],"scale":[1,1,1],"scaleCompensation":false},{"name":"mixamorig:Hips","position":[0,91.71,4.57409],"rotation":[0,0,0],"scale":[1,1,1],"scaleCompensation":false},{"name":"mixamorig:Spine","position":[0,8.60073,-0.340725],"rotation":[-2.26863,-0,0],"scale":[1,1,1],"scaleCompensation":false},{"name":"mixamorig:Spine1","position":[0,10.0421,-2.38813e-08],"rotation":[0,0,0],"scale":[1,1,1],"scaleCompensation":false},{"name":"mixamorig:Spine2","position":[0,11.4766,-1.17512e-08],"rotation":[0,0,0],"scale":[1,1,1],"scaleCompensation":false},{"name":"mixamorig:Neck","position":[0,12.9112,-5.27899e-07],"rotation":[2.26863,-0,0],"scale":[1,1,1],"scaleCompensation":false},{"name":"mixamorig:Head","position":[0,17.3303,0.169845],"rotation":[0,0,0],"scale":[1,1,1],"scaleCompensation":false},{"name":"mixamorig:HeadTop_End","position":[0,25.253,0.449798],"rotation":[0,0,0],"scale":[1,1,1],"scaleCompensation":false},{"name":"mixamorig:LeftShoulder","position":[7.57642,10.5916,-0.0516035],"rotation":[-73.5763,89.5965,178.667],"scale":[1,1,1],"scaleCompensation":false},{"name":"mixamorig:LeftArm","position":[5.20189e-09,15.1261,1.68056e-07],"rotation":[-7.16471,1.01343e-08,-0.405252],"scale":[1,1,1],"scaleCompensation":false},{"name":"mixamorig:LeftForeArm","position":[-1.37601e-08,24.7721,-1.77412e-07],"rotation":[-9.0547,2.01906e-07,-0.247518],"scale":[1,1,1],"scaleCompensation":false},{"name":"mixamorig:LeftHand","position":[-2.23313e-08,30.6346,1.45185e-09],"rotation":[0.396794,-0.0943888,3.26306],"scale":[1,1,1],"scaleCompensation":false},{"name":"mixamorig:LeftHandThumb1","position":[-4.24273,2.93925,1.32241],"rotation":[14.4105,4.38336e-07,50.9313],"scale":[1,1,1],"scaleCompensation":false},{"name":"mixamorig:LeftHandThumb2","position":[-0.313585,4.25094,-2.00157e-09],"rotation":[9.53927,-0,0],"scale":[1,1,1],"scaleCompensation":false},{"name":"mixamorig:LeftHandThumb3","position":[0.29331,5.23131,-1.79234e-08],"rotation":[-3.26277,1.59028e-15,3.18055e-15],"scale":[1,1,1],"scaleCompensation":false},{"name":"mixamorig:LeftHandThumb4","position":[0.0202741,4.55747,-4.16075e-08],"rotation":[0,0,0],"scale":[1,1,1],"scaleCompensation":false},{"name":"mixamorig:LeftHandIndex1","position":[-4.5946,10.3527,-0.554127],"rotation":[16.4267,1.70228e-07,-0.675824],"scale":[1,1,1],"scaleCompensation":false},{"name":"mixamorig:LeftHandIndex2","position":[0.0320164,4.92751,1.03181e-07],"rotation":[7.36111,-1.98785e-16,0],"scale":[1,1,1],"scaleCompensation":false},{"name":"mixamorig:LeftHandIndex3","position":[-0.0134633,4.92897,-2.10711e-07],"rotation":[1.68964,-0,0],"scale":[1,1,1],"scaleCompensation":false},{"name":"mixamorig:LeftHandIndex4","position":[-0.0185531,3.93836,9.43405e-08],"rotation":[0,0,0],"scale":[1,1,1],"scaleCompensation":false},{"name":"mixamorig:LeftHandMiddle1","position":[-1.28244,10.3361,-0.832026],"rotation":[21.0203,1.59919e-07,-3.13767],"scale":[1,1,1],"scaleCompensation":false},{"name":"mixamorig:LeftHandMiddle2","position":[-0.0107824,5.23074,-9.45188e-08],"rotation":[0.518165,-0,6.98852e-17],"scale":[1,1,1],"scaleCompensation":false},{"name":"mixamorig:LeftHandMiddle3","position":[-0.0130927,5.10109,-1.52725e-07],"rotation":[-8.24312,-0,3.10601e-17],"scale":[1,1,1],"scaleCompensation":false},{"name":"mixamorig:LeftHandMiddle4","position":[0.0238751,4.28466,1.57923e-07],"rotation":[0,0,0],"scale":[1,1,1],"scaleCompensation":false},{"name":"mixamorig:LeftHandRing1","position":[1.95108,10.3506,-0.463916],"rotation":[17.1608,-8.21047e-08,-15.7326],"scale":[1,1,1],"scaleCompensation":false},{"name":"mixamorig:LeftHandRing2","position":[-0.00309936,5.00186,-8.55868e-08],"rotation":[7.01278,-0,-1.59028e-15],"scale":[1,1,1],"scaleCompensation":false},{"name":"mixamorig:LeftHandRing3","position":[0.00926163,4.63141,2.28223e-07],"rotation":[-9.38627,-0,0],"scale":[1,1,1],"scaleCompensation":false},{"name":"mixamorig:LeftHandRing4","position":[-0.00616253,3.92318,-5.93144e-08],"rotation":[0,0,0],"scale":[1,1,1],"scaleCompensation":false},{"name":"mixamorig:LeftHandPinky1","position":[3.92596,8.61627,-0.78187],"rotation":[16.5587,-8.46199e-08,-33.3876],"scale":[1,1,1],"scaleCompensation":false},{"name":"mixamorig:LeftHandPinky2","position":[-0.0363436,5.20753,1.94305e-07],"rotation":[11.5815,-0,3.18055e-15],"scale":[1,1,1],"scaleCompensation":false},{"name":"mixamorig:LeftHandPinky3","position":[0.0796839,4.08906,-3.27689e-07],"rotation":[-14.116,-0,0],"scale":[1,1,1],"scaleCompensation":false},{"name":"mixamorig:LeftHandPinky4","position":[-0.0433406,3.37562,6.64231e-08],"rotation":[0,0,0],"scale":[1,1,1],"scaleCompensation":false},{"name":"mixamorig:RightShoulder","position":[-7.57642,10.5947,-0.132062],"rotation":[-73.8013,-88.9622,-178.467],"scale":[1,1,1],"scaleCompensation":false},{"name":"mixamorig:RightArm","position":[-8.65901e-09,15.1261,1.67914e-07],"rotation":[-7.10555,-2.4952e-07,-1.02688],"scale":[1,1,1],"scaleCompensation":false},{"name":"mixamorig:RightForeArm","position":[-3.7879e-09,24.7721,1.00042e-07],"rotation":[-9.10963,-1.8743e-07,1.46179],"scale":[1,1,1],"scaleCompensation":false},{"name":"mixamorig:RightHand","position":[-1.98068e-08,30.6398,1.62126e-08],"rotation":[0.53047,1.30653,-4.12868],"scale":[1,1,1],"scaleCompensation":false},{"name":"mixamorig:RightHandThumb1","position":[4.25551,3.0282,1.45917],"rotation":[15.6734,-3.14921e-07,-49.2368],"scale":[1,1,1],"scaleCompensation":false},{"name":"mixamorig:RightHandThumb2","position":[0.387975,4.32099,8.90343e-08],"rotation":[8.68913,7.95139e-16,0],"scale":[1,1,1],"scaleCompensation":false},{"name":"mixamorig:RightHandThumb3","position":[-0.145014,5.19453,3.50833e-07],"rotation":[-5.50114,-1.59028e-15,3.18055e-15],"scale":[1,1,1],"scaleCompensation":false},{"name":"mixamorig:RightHandThumb4","position":[-0.242961,4.46231,4.79277e-08],"rotation":[0,0,0],"scale":[1,1,1],"scaleCompensation":false},{"name":"mixamorig:RightHandIndex1","position":[4.58954,10.4703,-0.596017],"rotation":[17.8076,-2.06869e-07,-0.182312],"scale":[1,1,1],"scaleCompensation":false},{"name":"mixamorig:RightHandIndex2","position":[-0.0164324,5.13184,-7.80674e-08],"rotation":[6.23668,-0,-7.95139e-16],"scale":[1,1,1],"scaleCompensation":false},{"name":"mixamorig:RightHandIndex3","position":[0.0147235,4.79619,8.26006e-08],"rotation":[-2.63335,-0,7.95139e-16],"scale":[1,1,1],"scaleCompensation":false},{"name":"mixamorig:RightHandIndex4","position":[0.00170886,4.07794,-1.54179e-07],"rotation":[0,0,0],"scale":[1,1,1],"scaleCompensation":false},{"name":"mixamorig:RightHandMiddle1","position":[1.52058,10.2353,-0.740423],"rotation":[18.4044,-1.1906e-07,6.6488],"scale":[1,1,1],"scaleCompensation":false},{"name":"mixamorig:RightHandMiddle2","position":[0.000950803,5.35686,-1.47126e-07],"rotation":[4.24128,7.95139e-16,0],"scale":[1,1,1],"scaleCompensation":false},{"name":"mixamorig:RightHandMiddle3","position":[0.00571356,5.19178,8.34547e-08],"rotation":[-10.2983,-0,0],"scale":[1,1,1],"scaleCompensation":false},{"name":"mixamorig:RightHandMiddle4","position":[-0.00666441,4.16275,-4.87501e-08],"rotation":[0,0,0],"scale":[1,1,1],"scaleCompensation":false},{"name":"mixamorig:RightHandRing1","position":[-1.70554,9.98163,-0.459473],"rotation":[14.7266,-1.91574e-07,17.2571],"scale":[1,1,1],"scaleCompensation":false},{"name":"mixamorig:RightHandRing2","position":[0.0125037,5.18083,3.02176e-07],"rotation":[8.78608,7.95139e-16,-1.59028e-15],"scale":[1,1,1],"scaleCompensation":false},{"name":"mixamorig:RightHandRing3","position":[-0.0272159,4.74046,5.66232e-08],"rotation":[-9.97026,-0,0],"scale":[1,1,1],"scaleCompensation":false},{"name":"mixamorig:RightHandRing4","position":[0.0147125,4.01112,-6.62552e-08],"rotation":[0,0,0],"scale":[1,1,1],"scaleCompensation":false},{"name":"mixamorig:RightHandPinky1","position":[-4.40458,9.259,-0.672103],"rotation":[16.2135,-4.76768e-07,33.0504],"scale":[1,1,1],"scaleCompensation":false},{"name":"mixamorig:RightHandPinky2","position":[0.0493424,4.85466,5.28921e-08],"rotation":[11.9232,-0,0],"scale":[1,1,1],"scaleCompensation":false},{"name":"mixamorig:RightHandPinky3","position":[-0.0826275,3.85561,3.4889e-08],"rotation":[-12.1469,-0,-3.18055e-15],"scale":[1,1,1],"scaleCompensation":false},{"name":"mixamorig:RightHandPinky4","position":[0.0332846,3.01618,-4.96369e-08],"rotation":[0,0,0],"scale":[1,1,1],"scaleCompensation":false},{"name":"mixamorig:LeftUpLeg","position":[10.3336,-4.77134,0.200322],"rotation":[-4.74379,0.736041,-171.2],"scale":[1,1,1],"scaleCompensation":false},{"name":"mixamorig:LeftLeg","position":[-1.88093e-07,40.0838,1.0048e-07],"rotation":[-4.86963,3.94526e-08,0.0503893],"scale":[1,1,1],"scaleCompensation":false},{"name":"mixamorig:LeftFoot","position":[-2.45124e-07,39.3041,-1.2135e-07],"rotation":[71.2328,2.95425,-1.5374e-07],"scale":[1,1,1],"scaleCompensation":false},{"name":"mixamorig:LeftToeBase","position":[5.43678e-08,18.4443,-3.40246e-07],"rotation":[28.6594,-9.48012,-2.27249e-09],"scale":[1,1,1],"scaleCompensation":false},{"name":"mixamorig:LeftToe_End","position":[-2.43524e-09,8.11806,7.16393e-10],"rotation":[0,0,0],"scale":[1,1,1],"scaleCompensation":false},{"name":"mixamorig:RightUpLeg","position":[-10.3336,-4.77134,0.752763],"rotation":[-5.4983,-0.85173,171.221],"scale":[1,1,1],"scaleCompensation":false},{"name":"mixamorig:RightLeg","position":[5.94633e-08,40.1312,2.0151e-07],"rotation":[-3.9838,-3.43098e-08,-0.0535588],"scale":[1,1,1],"scaleCompensation":false},{"name":"mixamorig:RightFoot","position":[-9.64405e-08,39.2901,2.165e-07],"rotation":[71.0038,-2.85427,4.26157e-08],"scale":[1,1,1],"scaleCompensation":false},{"name":"mixamorig:RightToeBase","position":[2.72606e-08,18.3802,2.79708e-07],"rotation":[28.7686,9.49592,-2.0603e-07],"scale":[1,1,1],"scaleCompensation":false},{"name":"mixamorig:RightToe_End","position":[4.29153e-09,8.07869,-4.2983e-11],"rotation":[0,0,0],"scale":[1,1,1],"scaleCompensation":false}],"parents":[-1,0,0,2,3,4,5,6,7,5,9,10,11,12,13,14,15,12,17,18,19,12,21,22,23,12,25,26,27,12,29,30,31,5,33,34,35,36,37,38,39,36,41,42,43,36,45,46,47,36,49,50,51,36,53,54,55,2,57,58,59,60,2,62,63,64,65],"skins":[{"inverseBindMatrices":[[-0.987375,0.0136639,-0.15781,0,-0.145022,-0.478703,0.865917,0,-0.0637123,0.877871,0.47464,0,23.0301,7.82762,-0.634801,1],[-0.999882,0.0153334,-0.000435874,0,-0.00042022,0.00102413,0.999999,0,0.0153338,0.999882,-0.00101757,0,22.611,-11.4355,1.21388,1],[-0.98734,-0.0136864,0.158025,0,0.145111,-0.480213,0.865065,0,0.064046,0.877045,0.47612,0,-23.0355,7.73411,-0.668974,1],[-0.999882,-0.0153801,0.000425171,0,0.000406634,0.00120839,0.999999,0,-0.0153806,0.999881,-0.00120199,0,-22.6095,-11.4786,1.21407,1],[1,-0,0,0,0,1,-0,0,0,0,1,0,-0,-90.1557,-4.57409,1],[1,-0,-0,0,-0,0.999216,0.0395848,0,0,-0.0395848,0.999216,0,-0,-98.5114,-8.1393,1],[-0.988148,0.153504,1.84335e-09,0,-0.152966,-0.984682,-0.0836852,0,-0.012846,-0.0826934,0.996492,0,23.3334,82.885,2.38774,1],[-0.988176,-0.153323,1.18195e-09,0,0.152601,-0.983521,-0.096952,0,0.014865,-0.0958057,0.995289,0,-23.3203,82.9032,2.97642,1],[-0.988013,0.153816,0.0131045,0,-0.153832,-0.973889,-0.16696,0,-0.0129188,-0.166974,0.985877,0,23.371,42.4235,6.01071,1],[-0.988032,-0.153874,-0.0107162,0,0.15352,-0.974266,-0.165037,0,0.0149545,-0.164707,0.986229,0,-23.3603,42.4402,5.93928,1],[-0.0181055,-0.952334,0.304518,0,0.0390941,-0.305009,-0.951547,0,0.999071,-0.00532341,0.042753,0,-8.0798,32.7069,126.686,1],[-0.00103529,-0.982859,0.184357,0,0.044554,-0.184219,-0.981875,0,0.999006,0.0071973,0.043981,0,-8.39357,1.62873,127.869,1],[1,-0,-0,0,-0,0.999216,0.0395848,0,0,-0.0395848,0.999216,0,-0,-108.553,-8.1393,1],[1,-0,-0,0,-0,0.999216,0.0395848,0,0,-0.0395848,0.999216,0,-0,-120.03,-8.1393,1],[0.0484675,-0.939083,0.340254,0,0.0645878,-0.336995,-0.939288,0,0.996734,0.0675012,0.0443201,0,-10.7844,-41.4907,143.344,1],[-0.0705996,-0.934235,0.3496,0,0.0601336,-0.353823,-0.933377,0,0.995691,-0.0448733,0.0811586,0,-17.5452,-38.287,143.353,1],[-0.252903,-0.925689,0.281318,0,0.0515508,-0.303251,-0.951515,0,0.966117,-0.226139,0.124413,0,-29.1091,-43.6938,139.336,1],[-0.506486,-0.816938,0.275835,0,0.035613,-0.339449,-0.93995,0,0.861513,-0.466248,0.201019,0,-46.4953,-30.4128,137.838,1],[0.0452912,-0.998297,0.0367598,0,0.0644807,-0.0337994,-0.997346,0,0.996891,0.0475413,0.06284,0,-6.46005,-72.8357,123.192,1],[-0.0261079,-0.999308,0.0264769,0,0.03984,-0.0275051,-0.998827,0,0.998865,-0.0250225,0.0405305,0,-8.98124,-42.8774,122.628,1],[-0.506486,-0.742326,0.438662,0,0.0356135,-0.526318,-0.849542,0,0.861513,-0.414658,0.293009,0,-46.5447,-6.02943,142.15,1],[0.785697,-0.584627,0.202218,0,0.0677022,-0.243662,-0.967494,0,0.614896,0.773848,-0.151864,0,50.4638,-22.6202,132.781,1],[0.785697,-0.547367,0.288219,0,0.0677023,-0.387028,-0.919579,0,0.614896,0.742023,-0.267029,0,50.0758,-6.57233,135.327,1],[0.785697,-0.572476,0.234417,0,0.0677016,-0.29709,-0.952446,0,0.614896,0.764205,-0.194665,0,50.2209,-24.6859,133.575,1],[-0.0137756,0.982862,-0.183826,0,-0.0372618,-0.184221,-0.982178,0,-0.999211,-0.0066804,0.0391609,0,7.99509,1.6686,127.9,1],[-0.0180214,0.999477,-0.0268646,0,-0.0364656,-0.0275081,-0.998956,0,-0.999172,-0.0170229,0.0369423,0,8.09483,-42.91,122.676,1],[0.038854,0.998672,-0.0338476,0,-0.0396179,-0.0323069,-0.998693,0,-0.998459,0.0401442,0.0383101,0,4.09762,-73.0346,123.178,1],[0.799847,0.571972,-0.181915,0,-0.0500508,-0.238471,-0.969859,0,-0.598113,0.784844,-0.162112,0,-53.729,-22.322,131.549,1],[-0.517126,0.810125,-0.276184,0,-0.0153021,-0.331378,-0.943374,0,-0.855772,-0.483617,0.183761,0,45.0758,-29.9298,138.222,1],[-0.00703998,0.952334,-0.304975,0,-0.03942,-0.30501,-0.951533,0,-0.999198,0.00532336,0.0396883,0,8.11942,32.6765,126.693,1],[0.0484674,-0.896562,0.440259,0,0.0645878,-0.437041,-0.897119,0,0.996734,0.0719164,0.0367247,0,-10.768,-30.7742,147.561,1],[0.0484674,-0.915842,0.398602,0,0.0645878,-0.395362,-0.916252,0,0.996734,0.0701532,0.0399901,0,-10.7827,-42.3125,145.771,1],[-0.0705996,-0.905821,0.417737,0,0.0601335,-0.421885,-0.904653,0,0.995691,-0.0387481,0.084255,0,-17.5461,-32.9223,146.188,1],[-0.0705995,-0.965909,0.24907,0,0.0601336,-0.25336,-0.965501,0,0.995691,-0.0531865,0.0759706,0,-17.5518,-63.6347,137.019,1],[-0.252903,-0.871856,0.419413,0,0.0515508,-0.445033,-0.894029,0,0.966117,-0.204482,0.157495,0,-29.1216,-27.0181,145.166,1],[-0.252903,-0.931305,0.262129,0,0.0515506,-0.283523,-0.957579,0,0.966117,-0.228662,0.119713,0,-29.0944,-56.4125,137.475,1],[-0.506486,-0.818009,0.272642,0,0.0356132,-0.335775,-0.941269,0,0.861513,-0.467029,0.199197,0,-46.462,-39.5747,136.888,1],[-0.233389,0.918545,-0.31907,0,-0.0293746,-0.334642,-0.941888,0,-0.97194,-0.210453,0.105084,0,24.6758,-39.6514,141.647,1],[0.027072,0.900533,-0.433943,0,-0.0392341,-0.432811,-0.900631,0,-0.998863,0.0414073,0.0236146,0,9.64315,-31.1837,147.442,1],[0.027072,0.887347,-0.460307,0,-0.0392341,-0.459178,-0.887478,0,-0.998863,0.0420855,0.0223834,0,9.65661,-31.7495,148.443,1],[0.0270719,0.948709,-0.31499,0,-0.0392341,-0.313854,-0.94866,0,-0.998863,0.0380404,0.0287251,0,9.67517,-44.8897,142.232,1],[-0.0158667,0.92066,-0.390041,0,-0.0377903,-0.390364,-0.919884,0,-0.99916,0.000144281,0.0409858,0,9.9353,-32.9492,145.512,1],[0.799847,0.533915,-0.274189,0,-0.0500512,-0.395902,-0.916928,0,-0.598113,0.747125,-0.289938,0,-53.4153,-4.40463,134.134,1],[0.799847,0.548655,-0.243357,0,-0.0500517,-0.343073,-0.937974,0,-0.598113,0.762416,-0.246945,0,-53.7086,-17.2546,133.368,1],[-0.0158667,0.917095,-0.398352,0,-0.0377903,-0.398667,-0.916317,0,-0.99916,0.000514914,0.0409828,0,9.94608,-36.8625,145.851,1],[-0.0158667,0.964734,-0.262748,0,-0.0377903,-0.263172,-0.964008,0,-0.99916,-0.00536626,0.0406332,0,9.95917,-62.4412,138.328,1],[-0.233389,0.872716,-0.42883,0,-0.0293742,-0.447136,-0.893983,0,-0.97194,-0.196049,0.129992,0,24.6789,-27.0252,146.039,1],[-0.517126,0.738184,-0.433203,0,-0.0153016,-0.514025,-0.857639,0,-0.855772,-0.436879,0.277111,0,45.1121,-6.67226,142.462,1],[-0.233389,0.93097,-0.280758,0,-0.0293741,-0.29535,-0.954937,0,-0.97194,-0.214625,0.0962778,0,24.6697,-55.0501,138.921,1],[-0.517126,0.821546,-0.240089,0,-0.0153021,-0.289336,-0.957105,0,-0.855772,-0.49127,0.162195,0,45.0325,-45.1809,135.536,1],[1,-0,0,0,0,1,-3.46945e-18,0,0,3.46945e-18,1,0,-0,-150.49,-3.04031,1],[1,-0,-0,0,-0,1,3.46945e-18,0,0,-3.46945e-18,1,0,-0,-133.159,-2.87046,1]],"boneNames":["mixamorig:LeftFoot","mixamorig:LeftToeBase","mixamorig:RightFoot","mixamorig:RightToeBase","mixamorig:Hips","mixamorig:Spine","mixamorig:LeftUpLeg","mixamorig:RightUpLeg","mixamorig:LeftLeg","mixamorig:RightLeg","mixamorig:RightShoulder","mixamorig:RightArm","mixamorig:Spine1","mixamorig:Spine2","mixamorig:RightHandIndex1","mixamorig:RightHandMiddle1","mixamorig:RightHandRing1","mixamorig:RightHandPinky1","mixamorig:RightHand","mixamorig:RightForeArm","mixamorig:RightHandPinky2","mixamorig:RightHandThumb1","mixamorig:RightHandThumb2","mixamorig:RightHandThumb3","mixamorig:LeftArm","mixamorig:LeftForeArm","mixamorig:LeftHand","mixamorig:LeftHandThumb1","mixamorig:LeftHandPinky1","mixamorig:LeftShoulder","mixamorig:RightHandIndex2","mixamorig:RightHandIndex3","mixamorig:RightHandMiddle2","mixamorig:RightHandMiddle3","mixamorig:RightHandRing2","mixamorig:RightHandRing3","mixamorig:RightHandPinky3","mixamorig:LeftHandRing1","mixamorig:LeftHandIndex2","mixamorig:LeftHandIndex3","mixamorig:LeftHandIndex1","mixamorig:LeftHandMiddle1","mixamorig:LeftHandThumb2","mixamorig:LeftHandThumb3","mixamorig:LeftHandMiddle2","mixamorig:LeftHandMiddle3","mixamorig:LeftHandRing2","mixamorig:LeftHandPinky2","mixamorig:LeftHandRing3","mixamorig:LeftHandPinky3","mixamorig:Head","mixamorig:Neck"]}],"morphs":[],"vertices":[{"position":{"type":"float32","components":3,"data":[21.0705,-1.56924,18.6725,19.4452,-1.56924,16.8217,21.204,-1.56924,18.3055,21.4286,-1.56924,17.0152,24.7788,-1.56924,18.6044,27.3549,-1.56923,17.5631,18.1654,-1.56924,14.4306,22.8714,-1.56924,19.275,17.2167,-1.56924,11.298,29.0993,-1.56923,15.7737,17.2573,-1.56924,8.32009,30.3487,-1.56923,12.9063,17.8975,-1.56924,5.13435,30.6612,-1.56923,9.76181,18.5644,-1.56923,2.14729,30.5126,-1.56923,6.33413,18.5393,-1.56924,-0.950775,29.9876,-1.56923,2.32764,18.2815,-1.56923,-3.881,29.2693,-1.56923,-1.78506,18.0905,-1.56923,-7.4654,28.6386,-1.56923,-4.67026,18.6289,-1.56923,-10.6097,27.898,-1.56923,-7.60607,26.8829,-1.56923,-10.4218,20.3392,-1.56923,-12.6858,22.6749,-1.56923,-13.2592,25.1755,-1.56923,-12.5416,-21.204,-1.56924,18.3055,-19.4452,-1.56924,16.8217,-21.0705,-1.56924,18.6725,-21.4286,-1.56924,17.0152,-24.7788,-1.56924,18.6044,-27.3549,-1.56923,17.5631,-18.1654,-1.56924,14.4306,-22.8714,-1.56924,19.275,-29.0993,-1.56923,15.7737,-17.2167,-1.56924,11.298,-30.3487,-1.56923,12.9063,-17.2573,-1.56924,8.32009,-30.6612,-1.56923,9.76181,-17.8975,-1.56924,5.13435,-30.5126,-1.56923,6.33413,-18.5644,-1.56923,2.14729,-29.9876,-1.56923,2.32764,-18.5393,-1.56924,-0.950775,-29.2693,-1.56923,-1.78506,-18.2815,-1.56923,-3.881,-28.6386,-1.56923,-4.67026,-18.0905,-1.56923,-7.4654,-27.898,-1.56923,-7.60607,-18.6289,-1.56923,-10.6097,-26.8829,-1.56923,-10.4218,-20.3392,-1.56923,-12.6858,-22.6749,-1.56923,-13.2592,-25.1755,-1.56923,-12.5416,10.8464,96.554,12.6239,-0.043965,96.555,6.62997,8.79814,96.5542,14.376,12.2567,96.5539,10.3464,6.36555,96.5543,15.6199,8.68979,92.5304,14.4494,8.79814,96.5542,14.376,6.40744,92.5467,15.549,12.9736,96.5539,7.64032,13.0146,92.4835,7.78286,12.9372,92.4679,4.65293,12.9736,96.5539,7.64032,12.7118,96.5538,4.57245,7.30859,92.5332,-1.58176,9.46808,96.5539,-0.400155,9.71406,92.5089,-0.300176,7.14819,96.5544,-1.83255,4.04127,92.4931,16.243,3.90734,96.5543,16.3528,-6.23265e-15,96.5547,-3.12501,2.24309,96.5547,-3.05083,1.99177,96.5542,16.7161,2.03255,92.4482,16.544,-6.23263e-15,96.5543,16.9073,1.99177,96.5542,16.7161,9.46808,96.5539,-0.400155,11.4901,96.5538,1.81629,4.73061,96.5546,-2.71288,12.7118,96.5538,4.57245,4.84421,92.5528,-2.28321,4.73061,96.5546,-2.71288,-10.8464,96.554,12.6239,-8.79814,96.5542,14.376,-12.2567,96.5539,10.3464,-6.36555,96.5543,15.6199,-8.68979,92.5304,14.4494,-6.40744,92.5467,15.549,-8.79814,96.5542,14.376,-12.9736,96.5539,7.64032,-13.0146,92.4835,7.78286,-12.9736,96.5539,7.64032,-12.9372,92.4679,4.65293,-12.7118,96.5538,4.57245,-9.71406,92.5089,-0.300176,-9.46808,96.5539,-0.400155,-7.30859,92.5332,-1.58176,-7.14819,96.5544,-1.83255,-4.04127,92.4931,16.243,-3.90734,96.5543,16.3528,-2.24308,96.5547,-3.05083,-2.03255,92.4482,16.544,-1.99177,96.5542,16.7161,-1.99177,96.5542,16.7161,-9.46808,96.5539,-0.400155,-11.4901,96.5538,1.81629,-4.73061,96.5546,-2.71288,-12.7118,96.5538,4.57245,-4.84421,92.5528,-2.28321,-4.73061,96.5546,-2.71288,7.06698,75.2831,11.9415,4.48481,76.7754,11.2442,6.26307,74.5409,11.1795,4.03266,75.5982,10.5076,5.37098,73.7,10.2552,3.60884,74.5869,9.50261,8.7481,72.2038,11.8395,6.94892,71.4444,10.5098,2.55461,78.8545,12.2462,5.18907,78.6056,12.3875,2.42866,77.1675,10.9918,2.02737,76.1277,9.71919,1.63346,74.8743,8.90182,-2.35287,77.3432,10.8919,-4.55206,76.9601,11.1785,-4.02199,75.5877,10.5335,-2.02026,76.1057,9.74615,-2.55731,78.866,12.2138,-5.18065,78.5901,12.4252,-3.60208,74.7315,9.79388,-1.63234,74.865,8.9062,-6.21436,74.4586,11.5622,-5.52953,73.8511,10.508,-6.94959,71.4414,10.5091,-8.75242,72.2037,11.8411,-7.06426,75.2789,11.9737,4.71268,73.307,8.42527,3.22436,74.4256,8.53172,-4.58461,73.1938,8.52555,-3.34317,74.5995,8.41306,-0.000224,76.2093,9.45429,-0.000383,75.0113,8.99684,-0.000224,76.2093,9.45429,-0.000383,75.0113,8.99684,-0.021694,77.4658,11.009,-0.021694,77.4658,11.009,18.9487,58.8421,-1.59523,19.9107,54.5778,-2.34551,17.3353,55.7938,-3.21663,17.7318,54.2523,-3.66979,-19.9107,54.5778,-2.34551,-18.9487,58.8421,-1.59525,-17.3353,55.7938,-3.21663,-17.7318,54.2523,-3.66979,10.6069,52.9001,-4.08203,12.5885,55.7075,-4.02206,12.9605,53.4081,-4.7522,10.2485,55.7864,-3.32755,-10.607,52.9001,-4.082,-12.5885,55.7074,-4.02192,-10.2484,55.7864,-3.32783,-12.9605,53.4081,-4.75218,17.1978,56.8827,-3.23372,-17.1978,56.8827,-3.23366,8.44229,77.5365,-1.28165,10.1696,73.7601,-1.41608,7.19927,74.7609,-1.57071,8.2989,72.8902,-1.73182,-8.44227,77.5365,-1.2816,-7.19931,74.7609,-1.57053,-10.1696,73.7601,-1.41608,-8.2989,72.8902,-1.73182,6.42389,71.8674,-1.37628,5.36575,73.5987,-1.19433,-6.42389,71.8674,-1.37628,-5.36566,73.5987,-1.19448,6.64259,75.7101,-1.70966,4.46567,74.7111,-1.44085,-6.64262,75.7102,-1.7094,-4.46556,74.711,-1.44103,4.05414,72.8772,0.187497,3.14108,73.7631,0.224504,-4.05426,72.8773,0.18759,-3.1412,73.7632,0.224635,4.99981,70.9946,0.09568,-4.99981,70.9946,0.095681,3.54749,72.654,2.37997,4.47297,70.553,2.20099,-3.54749,72.654,2.37997,-4.47297,70.553,2.20099,2.63388,73.697,2.41598,-2.63387,73.697,2.41597,1.41962,74.6454,2.53072,1.97334,74.8204,0.301108,-1.97382,74.8213,0.30196,-1.41962,74.6454,2.53071,5.57004,76.6439,-1.18979,3.36016,75.85,-0.772094,-5.57003,76.6439,-1.18889,-3.36021,75.8502,-0.771704,5.42549,77.7546,-1.7702,2.04816,76.8494,-1.73531,-5.42545,77.7548,-1.76943,-2.0482,76.8497,-1.73458,-1.4e-05,75.4421,0.116065,-1.4e-05,75.4421,0.116065,6.13262,80.4783,-1.53824,-6.13262,80.4783,-1.53824,-1.4e-05,76.8201,-1.56746,-1.4e-05,76.8201,-1.56746,2.91634,79.3535,-1.90611,-2.91635,79.3535,-1.90611,26.1878,32.932,-7.61879,28.4099,33.3122,-4.46076,28.7254,31.1115,-4.71035,25.976,33.676,-7.31774,-28.7254,31.1115,-4.71043,-28.4105,33.3124,-4.46119,-26.1867,32.9308,-7.61774,-25.9724,33.6755,-7.31384,23.2769,32.8277,-9.94199,23.1195,33.6158,-9.5554,-23.2774,32.8273,-9.94292,-23.1124,33.6123,-9.53954,23.6457,31.0317,-10.2844,26.5691,31.0861,-7.80861,-23.6455,31.0318,-10.2838,-26.5632,31.0872,-7.80188,19.6676,32.6769,-10.8471,19.5922,33.48,-10.4597,-19.6677,32.6769,-10.8471,-19.5923,33.4802,-10.4596,19.8348,30.968,-11.2532,-19.8348,30.9679,-11.2532,16.2296,31.042,-10.7503,16.2315,32.57,-10.2961,-16.2296,31.042,-10.7504,-16.2315,32.57,-10.2961,16.2314,33.3077,-9.93862,-16.2315,33.3077,-9.93847,10.1451,32.1312,-6.66507,13.061,32.9832,-8.65928,12.9984,32.1824,-8.98743,10.0806,30.2395,-7.15876,-13.061,32.9832,-8.65929,-10.1451,32.1311,-6.66508,-12.9984,32.1824,-8.98744,-10.0807,30.2395,-7.15874,12.9413,30.7914,-9.44263,-12.9413,30.7914,-9.44253,9.93961,57.0397,-3.3346,12.3238,56.8238,-4.23697,-12.3238,56.8239,-4.23709,-9.93967,57.0397,-3.33444,14.5133,58.1142,-3.70913,14.7698,56.9159,-4.07468,12.2008,57.6185,-3.95578,-14.5133,58.1142,-3.70907,-14.7698,56.916,-4.07512,-12.2008,57.6185,-3.95572,16.8259,58.5372,-2.89723,-16.8259,58.5372,-2.89729,14.9517,55.6877,-3.88958,-14.9517,55.6876,-3.8893,15.3748,53.8499,-4.61246,-15.3748,53.8498,-4.61229,8.72503,52.3512,-2.43518,8.15246,56.4909,-1.7082,-8.72507,52.3512,-2.43515,-8.15246,56.4909,-1.7082,16.9384,25.0967,3.38479,18.9038,24.649,2.9703,18.8954,25.622,4.04621,16.8611,24.1869,1.61325,15.2042,24.6514,2.17654,15.5351,23.9014,-0.381383,13.825,24.409,0.286743,13.1727,24.6557,-1.72442,14.8311,24.1184,-2.89041,13.3059,25.0753,-3.68123,14.8311,24.1184,-2.89041,13.1727,24.6557,-1.72442,14.2259,25.6001,-5.57211,15.4225,24.8134,-5.19128,15.7868,26.1062,-7.07435,17.2352,25.4248,-6.96333,17.736,26.4913,-8.08826,19.8229,25.7273,-7.68326,20.0733,26.6694,-8.40916,22.2174,25.5857,-7.07272,22.5261,26.8202,-7.73306,24.0187,25.6012,-5.59595,24.491,26.7889,-6.12631,25.7814,26.5852,-3.99371,24.953,25.506,-3.55124,26.3206,26.3782,-1.98899,24.9983,25.2727,-1.09405,26.2271,26.2271,-0.060843,23.9861,25.0334,1.18067,25.6746,26.0395,1.52292,24.5845,25.9505,2.83897,22.9654,25.939,3.75334,21.6633,25.0997,2.9779,21.1029,25.9367,4.14674,21.0166,0.800888,18.6657,19.4452,-1.56924,16.8217,21.0705,-1.56924,18.6725,19.5521,0.800903,16.6628,21.4437,2.13931,17.626,20.2275,1.95611,16.2027,21.7705,3.10706,15.6539,22.5095,2.40568,17.7472,16.7663,20.643,-5.78874,18.4411,18.7358,-7.34672,17.2897,18.5107,-6.08414,18.0132,20.9134,-7.22885,20.6192,8.83842,-8.74295,18.8188,10.3227,-7.37343,20.1814,10.7442,-8.43509,19.225,8.19957,-7.62146,18.1501,7.71719,-3.85252,19.4463,6.47717,-2.27643,19.3948,8.21526,-2.20796,18.7064,5.87559,-4.02437,20.5757,13.6626,0.131119,18.905,13.7716,-1.04173,19.1677,11.7824,-1.5709,20.8955,11.8123,-0.437572,28.7413,2.8153,7.18485,26.7293,4.53094,4.93311,26.8399,3.80041,8.07721,28.6707,3.28374,3.6584,19.2772,3.66304,4.73099,18.2333,0.80088,2.14684,17.7772,0.800896,5.09323,19.4327,4.0036,2.12989,30.4587,0.800987,6.35874,30.0056,0.80098,2.40217,21.4879,5.37505,2.95113,21.3805,4.79924,5.44379,28.7026,0.800934,-4.6928,27.928,4.80328,-3.19622,29.3288,0.800949,-1.55618,28.4426,3.75333,0.328665,26.422,6.0668,-0.885328,26.6296,5.14873,2.04871,19.5159,4.82978,-0.480357,21.3844,7.59354,-0.910832,19.4463,6.47717,-2.27643,21.3801,6.32932,0.651507,24.0907,5.33418,5.74137,24.0776,6.04276,3.16715,16.9804,0.800743,8.11564,17.8975,-1.56924,5.13435,17.2573,-1.56924,8.32009,29.9876,-1.56923,2.32764,29.2693,-1.56923,-1.78506,23.1726,10.3218,-0.574593,21.0431,10.1523,-0.623995,21.2229,8.76154,-0.981336,23.3618,8.95662,-0.92062,18.909,2.77367,10.5958,21.1354,4.13076,8.3861,18.9124,3.28757,7.8007,21.1556,3.50774,10.9617,25.4858,8.90099,-2.18694,23.5224,8.00086,-0.890937,25.3893,7.48351,-2.24646,30.5126,-1.56923,6.33413,18.1389,7.73116,-6.05827,18.5667,5.7138,-6.30775,30.5749,0.80098,9.64371,30.6612,-1.56923,9.76181,30.3127,0.800903,12.8427,30.3487,-1.56923,12.9063,29.1805,0.800797,15.7533,29.0993,-1.56923,15.7737,27.3025,0.800827,17.6088,27.3549,-1.56923,17.5631,24.8208,0.800827,18.674,24.7788,-1.56924,18.6044,22.9175,0.800873,19.3023,22.8714,-1.56924,19.275,18.1654,-1.56924,14.4306,18.2161,0.800949,14.2714,17.2167,-1.56924,11.298,17.1517,0.800827,11.0779,22.1274,16.6711,-7.57845,23.514,18.8346,-6.35835,23.6913,16.795,-6.51361,21.8295,18.9037,-7.50988,18.5644,-1.56923,2.14729,24.0338,4.40456,8.63392,18.3229,0.800873,-0.673387,18.5393,-1.56924,-0.950775,17.7697,19.8243,0.326637,17.3261,21.7688,0.887894,16.0593,21.7839,-1.06077,16.6577,20.007,-1.60281,17.7755,13.9525,-2.75682,17.255,16.3204,-4.58282,17.3392,14.2416,-5.02148,17.6524,16.0833,-2.39743,18.3675,3.27733,-3.77509,18.7064,5.87559,-4.02437,18.5667,5.7138,-6.30775,18.0981,3.12987,-7.05796,19.3111,6.12511,-8.12152,18.6456,3.54306,-9.77706,18.6289,-1.56923,-10.6097,20.333,0.80088,-12.5325,20.3392,-1.56923,-12.6858,18.4971,0.800865,-10.4688,25.1755,-1.56923,-12.5416,22.7652,0.800941,-13.2213,25.2127,0.800957,-12.5482,22.6749,-1.56923,-13.2592,22.6749,-1.56923,-13.2592,22.7652,0.800941,-13.2213,20.3207,4.02673,-11.6563,22.6816,4.13632,-12.0261,24.0575,3.73609,11.087,26.8029,3.10933,10.7384,20.8178,6.7497,-9.24722,22.5958,6.98843,-9.54372,28.5451,2.43715,10.2515,22.5958,6.98843,-9.54372,20.8178,6.7497,-9.24722,22.322,9.08455,-9.044,28.547,2.45306,12.7035,26.789,2.94462,12.9009,23.8255,10.8392,-8.10452,24.3328,8.79935,-8.63759,21.8808,10.935,-8.61251,21.4147,12.8376,-8.47595,19.7176,12.6355,-8.27966,24.51,12.8342,-6.76638,25.3242,10.5263,-7.15139,23.2154,12.9188,-7.82819,22.6822,14.8654,-7.68996,20.9182,14.8398,-8.18573,25.4877,12.7575,-5.27876,24.1127,14.8358,-6.69976,25.2775,14.7226,-4.97302,18.1389,7.73116,-6.05827,19.3111,6.12511,-8.12152,18.5667,5.7138,-6.30775,28.0425,2.27715,14.9708,24.8955,16.6405,-4.67445,24.0173,16.1027,-0.43237,25.5714,14.5047,-2.91568,25.0276,16.418,-2.59908,24.5293,14.0801,-0.724705,24.8344,18.5486,-2.26255,24.6677,18.7072,-4.45823,23.8685,18.2534,-0.059208,15.2954,22.1281,-3.54431,16.1045,20.1632,-3.94486,17.9135,12.1465,-5.3511,18.0739,9.87345,-5.72082,18.4356,12.3933,-7.09656,14.8311,24.1184,-2.89041,15.9805,22.7074,-5.63295,15.2954,22.1281,-3.54431,15.4225,24.8134,-5.19128,19.3976,21.9493,2.26619,21.8263,20.0849,1.70507,21.7511,22.1841,2.22664,19.6655,19.896,1.69949,19.9138,17.776,1.21172,21.9699,17.9435,1.314,23.7515,20.3751,0.225834,23.8679,22.5401,0.669628,24.7505,22.8064,-1.62131,24.6822,20.6591,-1.94623,24.5591,22.9734,-3.95788,24.489,20.7738,-4.22455,23.5925,23.0517,-5.77552,23.4729,20.8957,-5.96964,21.9049,20.9914,-7.37031,21.9985,23.1963,-7.01222,19.941,21.0243,-7.67963,19.8798,23.306,-7.59468,20.0709,18.8666,-7.85405,17.5992,23.1721,-7.18219,19.3314,14.7403,-7.9101,18.0025,14.5311,-6.79862,26.7388,2.24896,16.6671,18.9447,16.8158,-7.50717,17.7498,16.6277,-6.36827,17.3392,14.2416,-5.02148,17.255,16.3204,-4.58282,18.1593,9.63343,-3.57223,17.9135,12.1465,-5.3511,18.0739,9.87345,-5.72082,18.2086,11.836,-3.26865,16.8767,18.2933,-4.19198,18.093,0.800873,-3.77814,17.9209,0.800873,-7.42682,19.2355,2.13561,13.7161,19.3133,9.93633,-1.96251,21.3844,7.59354,-0.910832,23.5224,8.00086,-0.890937,23.9927,7.01582,0.752309,21.4324,3.42316,13.4857,25.3893,7.48351,-2.24646,26.8772,6.76101,-4.23715,28.6386,-1.56923,-4.67026,27.898,-1.56923,-7.60607,27.7575,0.800888,-7.59704,26.3598,3.72901,-9.41358,27.3759,3.75898,-7.03359,26.7845,0.800903,-10.3221,26.8829,-1.56923,-10.4218,24.8739,4.01793,-11.3254,22.6816,4.13632,-12.0261,24.2527,6.79516,-9.09704,25.8198,6.39828,-7.97447,22.5958,6.98843,-9.54372,24.2527,6.79516,-9.09704,26.7593,6.37267,-6.18979,25.9561,8.29482,-7.5915,27.1521,8.23058,-6.17673,25.8198,6.39828,-7.97447,26.7866,8.51415,-4.32524,26.2076,10.3948,-5.76744,26.0101,10.4813,-3.95227,25.7269,12.6202,-3.41239,25.4025,10.5809,-1.71556,24.8034,12.2985,-1.34833,20.4821,16.8721,-7.88476,24.1678,2.8905,12.9448,22.1686,15.8443,0.800887,20.2044,15.7795,0.67769,22.4961,13.7527,0.296647,18.1842,17.8329,-0.169004,17.1974,18.015,-2.065,18.2815,-1.56923,-3.881,18.0905,-1.56923,-7.4654,15.5351,23.9014,-0.381383,16.8611,24.1869,1.61325,18.9038,24.649,2.9703,21.6633,25.0997,2.9779,23.9861,25.0334,1.18067,24.9983,25.2727,-1.09405,24.953,25.506,-3.55124,24.0187,25.6012,-5.59595,22.2174,25.5857,-7.07272,19.8229,25.7273,-7.68326,17.2352,25.4248,-6.96333,16.1045,20.1632,-3.94486,14.8311,24.1184,-2.89041,26.6829,2.87955,14.7792,24.3369,2.7462,15.3762,16.8767,18.2933,-4.19198,18.5818,15.8823,-0.603612,22.8114,11.9366,-0.327856,26.8772,6.76101,-4.23715,26.7593,6.37267,-6.18979,24.6294,1.91989,17.0827,7.15127,87.8526,-0.005677,10.27,88.2899,-0.649588,9.38506,87.9055,1.04709,7.72434,88.2451,-1.78925,10.4169,87.8134,11.7693,12.4796,85.6082,9.85013,11.6522,87.8421,9.86575,11.2015,85.1849,11.8452,13.384,88.3464,7.65793,12.1906,87.9412,5.23854,13.6867,88.2748,4.59268,12.2678,87.8652,7.61981,12.9167,85.8916,7.53873,12.2678,87.8652,7.61981,11.0002,88.6193,12.6392,8.56203,87.6536,12.9347,10.4169,87.8134,11.7693,9.11711,88.6442,14.1817,6.8799,84.0005,13.6595,8.56203,87.6536,12.9347,6.368,87.4609,13.8217,9.25634,84.5542,13.1946,12.6906,86.0131,5.19458,11.2745,87.965,2.9975,12.1906,87.9412,5.23854,11.7456,85.9492,2.98047,12.7415,88.2685,1.59626,11.2745,87.965,2.9975,5.16321,84.9874,-1.14982,7.15127,87.8526,-0.005677,7.67739,85.2125,-0.500215,4.7908,87.807,-0.729514,4.48496,83.6369,13.6926,4.17291,87.5108,14.1503,2.44016,88.1836,-2.73151,4.7908,87.807,-0.729514,2.28321,87.814,-0.970325,5.10381,88.232,-2.49337,-6.00111e-15,88.2127,-2.63948,-5.98974e-15,87.803,-1.01629,2.08269,87.4756,14.2049,2.26158,83.4267,13.8994,-6.01022e-15,88.5409,16.0701,2.08269,87.4756,14.2049,2.31082,88.5536,15.9365,-5.98071e-15,87.4778,14.2437,14.8607,66.8092,-1.70532,15.9119,62.707,-2.30756,13.6587,62.2257,-3.15706,12.6906,66.2438,-2.55543,17.9669,56.9919,9.94944,20.7825,53.2112,8.0667,19.8935,57.5527,8.66172,18.8279,52.6574,9.42729,28.6999,30.7566,7.74392,25.3613,30.4086,9.40189,27.6688,28.5286,6.38778,24.8365,28.3496,7.86946,13.6496,49.5152,-5.77416,11.2121,48.8775,-4.99992,15.9166,34.6974,-9.83253,12.7954,34.3851,-8.41257,12.6018,37.4495,-7.72452,15.5561,37.7545,-9.16096,8.48364,40.2494,-1.9751,9.72757,44.537,-3.8894,10.0696,40.6272,-4.65359,8.42072,44.1441,-1.33446,8.44614,39.7092,3.9693,8.65178,43.7145,4.11123,7.96642,39.9591,0.905057,8.16045,43.9043,1.33319,23.7551,50.1238,3.52871,22.1189,53.7382,6.28606,23.0207,49.68,5.6979,22.836,54.2129,4.2062,15.784,25.8944,5.30697,17.9997,27.5816,8.13033,14.7468,27.0229,7.03862,18.4189,26.3476,6.24711,9.22474,48.2873,-3.2238,8.15913,47.8833,-0.749968,15.4905,71.3492,0.233877,16.873,67.2508,-0.412542,13.5617,70.8058,-1.02819,10.1272,30.2053,6.93525,13.1189,32.7561,9.07491,10.0907,32.6896,7.00434,13.3951,30.3664,8.97446,15.691,56.4838,10.5717,16.5073,52.163,10.1029,30.0079,31.1377,-1.60405,30.0211,33.4894,-1.41177,17.2146,48.0622,9.71537,20.4466,44.9065,8.83002,19.609,48.5866,8.98523,17.9098,44.3111,9.60294,27.7563,35.4674,-4.15353,29.2161,35.9084,-1.13944,23.8954,46.9188,-2.13571,20.8772,50.6152,-3.22869,22.7186,50.6609,-1.2316,22.0435,46.9017,-4.31251,22.7533,37.9552,9.32522,23.9457,41.8885,7.39671,21.5665,41.1322,9.02112,25.4541,38.8467,7.6828,3.79602,72.7115,4.28378,2.78459,74.0645,4.31488,4.7569,70.559,4.21575,20.7482,58.9864,0.305562,17.9786,63.0666,-0.993621,19.7239,63.2408,0.895825,10.0818,36.0091,7.00847,12.7985,36.0426,9.00681,30.7823,33.4716,5.35619,30.0585,36.2675,2.18441,29.4814,36.3368,5.36931,31.1746,33.587,1.97593,8.08125,36.2601,3.90954,7.71902,36.6,0.529287,13.7447,51.7396,10.045,12.9905,56.02,10.432,4.96416,70.576,6.34204,4.7569,70.559,4.21575,5.73359,67.4015,6.19832,5.43884,67.4443,4.01206,9.61655,26.6804,2.35664,8.87607,27.1751,-0.881187,11.5111,25.1476,1.37232,10.8404,25.5894,-1.2964,17.0471,46.3314,-6.73388,18.6605,50.3945,-4.64649,19.7031,46.7044,-5.82118,16.1767,50.0315,-5.57227,21.7491,29.8103,10.1717,21.6646,28.0239,8.50066,21.2156,58.0879,6.93229,18.9514,61.8975,9.21137,20.2319,62.4263,7.47994,7.42698,63.6704,8.26266,6.59294,67.5016,8.56181,6.46111,63.6849,5.89024,9.02804,63.8368,10.0455,8.06558,67.7395,10.3844,10.1632,37.1644,-5.38223,12.3998,41.1437,-6.70997,24.1215,34.8768,9.6078,27.2837,35.7411,7.96252,28.395,33.0919,7.98375,30.9544,30.9051,5.07701,11.7337,26.4672,5.34003,13.3983,25.3799,3.7935,29.9795,29.3501,-1.75364,28.4922,29.6975,-4.67689,10.1407,68.1716,11.5124,11.2093,64.2329,11.0708,27.7363,26.9467,2.93281,26.206,26.8685,4.74045,12.6715,68.8487,11.7617,13.7826,64.8485,11.3007,9.99976,43.5594,6.91246,10.1026,39.5012,6.90968,12.1323,43.5727,8.82505,12.4892,39.5174,8.86692,15.9849,65.4918,10.8054,14.8344,69.5556,11.2119,21.7407,54.7259,-0.408767,12.0726,74.6079,-0.62643,10.2098,78.5808,-0.568232,7.50859,33.415,0.115129,8.44921,36.9409,-2.54418,8.28844,33.8221,-3.1745,7.71902,36.6,0.529287,8.12776,47.6508,1.76397,7.77958,51.9182,-0.096679,7.80456,51.6649,2.27333,13.48,73.7887,11.7794,16.6742,70.2795,10.0038,15.3087,74.5601,10.5569,17.907,70.9044,8.33123,16.4408,75.2139,8.92449,29.5679,28.6279,4.14826,23.9495,26.8048,5.98287,21.3968,26.6623,6.50593,7.13172,59.7548,5.53802,6.31773,63.8551,3.66055,6.89214,59.943,3.25967,7.9671,32.969,3.70263,9.38506,87.9055,1.04709,9.91257,85.4937,0.906365,16.2594,75.8876,4.66399,14.0047,79.4369,2.83812,14.978,79.5149,4.94802,15.4974,75.9107,2.56674,25.3246,42.808,-3.06406,23.4822,42.7633,-5.56715,11.3944,61.6671,-3.42405,8.32934,64.9343,-2.34334,10.5088,65.6172,-2.88108,9.16295,61.0491,-2.81381,11.5252,70.1427,-1.86557,9.50463,69.4268,-2.21157,18.8128,38.1781,-9.66479,19.3373,34.9956,-10.4167,7.47239,68.6342,-1.76053,10.1399,34.1822,-6.14398,18.6108,67.4877,1.43177,10.7116,92.491,12.7624,12.2214,92.4589,10.4849,12.559,88.4716,10.4604,22.1973,38.4908,-8.80082,22.8967,35.1011,-9.44124,7.36361,55.8429,2.80189,6.56924,60.1013,1.05596,7.23882,56.0734,0.541703,6.89214,59.943,3.25967,27.6565,39.2397,-0.803807,27.9783,39.5651,2.35027,10.8464,96.554,12.6239,12.2567,96.5539,10.3464,11.6522,87.8421,9.86575,15.4315,39.8067,9.83826,14.8572,43.8108,9.71278,18.7669,40.412,9.82581,21.6477,49.1642,7.5758,21.8667,58.5514,4.86571,20.8348,62.8538,5.41481,9.8526,47.3832,7.00582,8.3994,51.5173,4.69013,8.67699,47.4949,4.33057,9.56028,51.4445,7.21432,25.492,42.4489,5.14635,26.1975,42.7282,2.54122,27.2722,39.4937,5.25807,24.7895,46.454,2.97079,24.0672,46.0679,5.31581,15.9903,36.3967,10.1114,15.1019,41.6971,-7.91832,28.3627,27.2056,0.716567,19.7778,67.1314,5.87773,20.6853,63.161,3.05363,19.629,67.441,3.53889,13.68,83.1261,5.10525,12.638,83.0022,2.94504,24.9948,32.4581,9.61134,10.8544,82.6668,0.862808,12.315,79.1123,0.847057,8.57178,82.0446,-0.63795,8.16045,43.9043,1.33319,5.26986,67.5431,1.92826,6.64051,64.3292,-0.734938,5.92653,63.954,1.51091,5.9099,67.9386,-0.227296,23.7107,50.4915,1.03766,22.7566,54.5886,1.79409,20.6863,34.0064,10.4461,19.6588,37.1194,10.1702,7.50859,33.415,0.115129,8.21695,59.7077,7.92665,7.94632,30.5241,3.47959,13.8175,28.5684,8.50231,17.1361,30.8706,10.2544,17.5241,29.1252,9.75869,7.50089,29.2244,-0.533288,9.48121,27.7014,-3.95085,8.87607,27.1751,-0.881187,8.18689,29.6903,-4.00831,17.2112,71.6969,2.01871,30.1481,28.888,1.33825,14.339,47.6216,9.7796,24.8876,38.6117,-6.68057,26.6824,38.8331,-3.76512,25.6664,35.1727,-7.07931,7.40425,60.4856,-1.19269,17.084,27.6998,-9.18127,19.8945,29.2283,-10.6093,19.9764,27.7981,-9.58456,16.5613,29.1444,-10.2374,18.007,42.2485,-8.13869,20.96,42.6121,-7.27126,18.4971,71.4065,6.33328,18.1453,71.6769,4.08163,4.00234,72.7901,6.29106,2.78459,74.0645,4.31488,3.79602,72.7115,4.28378,2.89223,74.0807,6.26001,17.8691,66.1483,9.60629,19.1447,66.6979,7.91167,21.733,58.8894,2.48513,10.3885,28.2231,6.6546,5.74208,70.8583,8.65516,11.3441,51.5099,9.08685,10.6681,55.73,9.42483,25.5776,28.0314,-6.95436,26.4375,29.6754,-7.58969,27.1401,27.8176,-4.31926,31.2986,31.044,1.71863,11.2455,26.1499,-3.8524,10.8404,25.5894,-1.2964,11.0987,72.9369,12.3035,21.3768,31.6869,10.4465,24.8014,46.7633,0.317265,26.1748,42.8219,-0.353298,17.0352,61.2998,10.4496,11.9651,77.4388,12.333,13.8832,78.2592,11.1685,15.1237,78.9277,9.41182,23.5771,29.4647,-9.69873,14.6908,27.483,-7.85372,13.6295,28.8292,-8.94584,10.3993,80.8562,12.7887,12.4436,81.8363,11.583,13.7231,82.4433,9.7408,11.8383,45.116,-5.80445,9.9034,59.8525,9.71218,12.1459,60.2006,10.7363,6.89727,88.6427,15.2432,6.368,87.4609,13.8217,2.79573,81.7962,-1.8608,2.49152,85.0059,-1.4228,11.1433,28.294,-6.78603,5.43884,67.4443,4.01206,6.36555,96.5543,15.6199,13.9011,75.4027,0.695404,8.22116,31.6009,-3.63243,14.1133,82.9438,7.44518,7.96642,39.9591,0.905057,7.75317,55.6673,5.15461,7.36361,55.8429,2.80189,-0.000974,79.0064,12.2774,28.125,27.5331,-1.84055,11.8207,92.4884,1.84388,16.6428,33.186,10.3331,7.50089,29.2244,-0.533288,7.76699,28.4074,3.330